# using minimal fraction of valid points 30.00
# pre [mm/month] from CRU TS 3.10.01 Precipitation
# cutting out region lon=   20.000   30.000, lat=   66.000   70.000
 1901   25.96572       22.91069       13.64657       24.70505       19.04413       38.02279       45.58978       40.85625       23.44355       40.86590       43.24012       17.39658    
 1902   32.06260       31.12795       22.20878       7.111567       25.09678       38.98577       80.76453       72.33401       76.60275       30.47212       29.97652       25.95350    
 1903   24.59054       38.21046       22.91219       32.11442       18.32846       47.14589       82.22446       72.92820       39.74512       39.72448       38.06871       22.19379    
 1904   20.05383       15.12914       16.61644       27.16640       38.18650       42.69672       47.43756       56.24802       30.30477       40.78159       32.92642       47.92204    
 1905   26.32117       37.08928       17.54621       30.51252       34.32734       26.87260       96.52950       55.07920       65.23039       46.00882       38.75483       29.23911    
 1906   34.12852       26.23289       28.86663       28.13187       41.48431       39.16355       63.21518       73.93371       21.68209       17.34651       37.53886       31.39384    
 1907   30.67211       32.57300       17.35595       12.88275       15.66369       56.04657       83.13190       71.71570       39.89400       39.96757       25.98939       21.15886    
 1908   34.87798       27.18570       8.682102       19.90061       18.99520       56.67527       49.07917       35.59928       62.32006       24.40045       27.20784       31.53445    
 1909   36.33523       17.81271       26.22568       13.19048       17.22767       27.70134       65.29940       65.14962       56.14705       68.51831       27.22852       33.68416    
 1910   39.36732       18.09920       15.73094       42.27235       17.68988       54.85550       76.15959       28.11751       38.44907       20.48836       49.22297       22.34564    
 1911   19.47796       19.91581       25.43572       29.42501       11.18922       61.69627       87.26204       67.43127       50.20768       45.50750       40.78263       28.85330    
 1912   20.10425       21.22024       27.80062       11.19922       30.88480       66.80761       28.75557       73.19576       79.40137       18.45165       61.37624       36.81704    
 1913   20.23767       24.90788       19.75588       18.45572       21.01906       38.65695       36.43111       58.57786       30.80555       45.74766       32.34734       32.68277    
 1914   35.42946       21.82127       17.38393       25.80877       36.74289       63.58772       40.01788       49.84074       56.19887       16.41352       31.70723       41.05121    
 1915   26.05888       25.97152       19.84993       25.31657       27.54021       39.60911       54.34764       32.41417       42.06263       16.46884       44.96046       12.09774    
 1916   34.27646       19.87085       24.29488       13.82743       30.43956       42.83752       54.13322       46.57826       34.03241       22.04935       61.39278       34.71788    
 1917   17.40612       26.05880       13.83712       32.54165       26.58967       49.44753       48.35343       43.63237       72.16414       72.11917       55.93015       21.85062    
 1918   26.95142       21.62185       15.27448       15.31916       19.83161       61.06263       25.28628       28.49338       80.28973       45.61566       33.45553       29.71377    
 1919   21.44428       20.34634       20.02698       34.53390       6.666258       39.30254       37.61675       88.23411       91.21434       25.67559       23.42901       20.89314    
 1920   30.87561       37.36353       29.96533       33.16783       37.84632       41.56975       100.7999       66.26431       52.48035       28.91497       23.17805       28.11514    
 1921   31.18866       19.85816       27.57874       26.37943       47.70226       79.45756       71.94707       106.4487       63.10052       52.40732       19.96877       35.28587    
 1922   18.05004       18.91708       18.21852       27.77614       43.63332       72.15065       37.46777       78.65441       41.22762       36.02535       36.44496       41.55978    
 1923   41.77408       13.68640       9.489365       11.34931       38.94956       66.40019       70.15123       44.68765       85.28932       60.24580       39.91108       28.47221    
 1924   29.67867       21.71964       23.54705       23.22021       39.18897       36.01992       26.20028       39.46173       84.12614       46.52462       38.57853       31.92667    
 1925   30.91291       26.40067       28.03200       25.73339       30.06808       49.17914       58.76080       64.88232       59.15049       30.19769       18.49765       32.18072    
 1926   17.18651       22.82573       34.73679       29.79273       28.44121       61.86790       24.93649       71.05094       41.16193       50.46721       52.25024       30.08546    
 1927   46.34134       30.42631       21.74525       18.06562       31.58771       66.76371       54.73329       56.30643       44.73297       43.79805       26.17099       24.05334    
 1928   19.45354       26.54709       16.09836       17.77302       29.16151       69.08296       108.4303       56.73108       27.50664       45.64970       33.79686       28.66428    
 1929   30.34182       16.42014       28.84292       15.47620       33.94760       33.40166       45.09463       83.09285       45.88304       67.13113       55.71614       53.04178    
 1930   30.86454       21.06528       31.73886       21.67135       21.58032       20.53033       39.28033       59.09546       28.92740       55.11473       46.23991       18.33516    
 1931   25.21021       19.36071       27.91155       20.00525       57.30383       85.92819       53.59797       111.9871       29.90678       50.23569       30.41940       34.20475    
 1932   46.20071       21.17445       20.39199       30.74805       47.54169       55.98457       100.5263       95.06339       121.5280       48.64098       32.44487       30.05093    
 1933   24.28009       29.70064       34.33044       26.92834       11.95568       18.87762       89.04248       39.19514       24.28969       45.63210       24.84830       32.61554    
 1934   28.21030       39.27259       30.60670       32.53042       39.77088       58.09811       61.63172       72.63638       45.57440       46.52489       40.39188       29.39881    
 1935   40.35353       58.06359       16.00712       45.48609       29.57978       62.54873       65.42331       51.95255       57.06150       67.35999       45.31850       64.21074    
 1936   42.58309       29.88180       16.21472       29.72251       10.63036       45.18198       102.8162       76.06539       20.47717       46.54938       39.68917       49.28426    
 1937   20.37358       21.47617       33.38495       13.76721       31.83169       33.64376       33.10043       32.49277       83.88528       21.19410       42.22908       14.99456    
 1938   50.58697       29.98376       34.44001       19.63710       36.64664       65.06507       76.77056       56.25270       51.04726       40.80697       48.83459       19.65565    
 1939   22.53854       35.67610       16.25094       25.16843       32.75517       67.08059       60.53251       34.64336       42.92867       13.24500       58.12721       24.57028    
 1940   36.03036       18.76469       16.21059       18.77764       14.24732       51.61872       92.20096       82.28409       69.93895       22.79361       35.63467       22.91284    
 1941   19.38912       27.66783       17.50307       12.30956       7.755804       25.33059       46.51099       74.13153       50.49417       17.84838       11.58841       21.46881    
 1942   15.42990       16.88910       24.40384       23.32240       33.13202       44.34317       50.36708       60.92045       59.44947       76.48789       25.81496       25.89668    
 1943   16.08344       39.87807       22.56577       30.01905       14.26526       21.59818       72.67030       113.0506       41.50482       47.55885       41.54465       32.10291    
 1944   35.24681       26.24853       43.42989       12.16854       22.91963       21.15709       41.83978       79.08778       33.27188       30.95437       53.47800       42.42699    
 1945   25.94840       31.42211       30.24648       21.27479       23.11142       48.02537       24.11095       66.62936       34.81997       26.82174       28.62245       26.72349    
 1946   20.33644       26.93427       12.18337       31.73708       8.552628       66.56252       65.10529       53.25573       65.02905       24.24402       31.60020       22.02880    
 1947   16.66407       9.661098       15.68858       35.04226       13.53615       46.80095       78.51556       34.32197       68.52219       41.67133       33.22636       45.31270    
 1948   27.63425       12.33079       17.53448       19.03751       47.58125       90.09695       49.93174       82.86762       63.95046       38.25282       53.38351       44.06067    
 1949   35.54807       22.00020       14.62204       43.22023       53.12473       52.42706       45.30211       59.85714       31.58316       60.36565       28.82543       41.49333    
 1950   8.695229       18.66441       21.08110       43.23470       20.05731       37.72884       34.29732       25.17839       50.43194       45.63138       29.49429       34.38327    
 1951   18.91869       15.88863       26.26248       39.29772       13.51721       53.45147       88.68693       62.04516       60.25898       26.50809       55.68977       54.01452    
 1952   37.37460       40.58186       20.77850       23.00011       20.54786       68.22916       84.63167       60.31060       73.05144       10.75892       37.31350       37.10724    
 1953   37.77541       34.44333       32.28216       45.02663       42.58616       25.14439       60.62890       101.3430       45.97913       36.82983       30.21328       15.97377    
 1954   40.04633       6.360250       29.55142       12.97613       26.16967       64.93345       90.58287       83.97651       85.66721       35.06246       22.36562       49.66713    
 1955   35.34626       28.81930       36.73139       29.41454       47.80267       53.85682       55.07780       21.91438       85.01241       43.79789       38.09611       41.45011    
 1956   29.38795       27.00388       9.345959       14.24007       23.92191       64.76350       25.04679       49.71582       42.30260       26.40669       19.72854       32.31315    
 1957   40.23350       30.81068       15.19350       13.73618       58.55476       54.11826       58.27359       101.1966       47.90587       46.49708       42.82057       33.38740    
 1958   23.47478       37.74328       22.59687       22.87502       34.15588       61.85622       75.61290       41.42829       35.83190       45.33366       34.17638       44.29097    
 1959   61.04008       33.89274       25.81320       22.76527       45.52663       31.56645       62.19101       94.00559       46.44568       32.97395       23.25331       30.41198    
 1960   33.26764       22.73817       21.19532       23.62407       28.18670       52.77527       71.28610       71.47698       24.38626       11.26191       30.36329       44.33786    
 1961   31.89868       32.66351       32.23332       13.91297       38.46286       82.58067       81.49805       78.51933       40.85709       70.46282       56.05410       43.88140    
 1962   43.10925       30.72140       11.48437       40.84856       43.63540       53.40817       59.95076       59.39264       53.39968       50.07487       36.39587       28.75820    
 1963   31.58373       25.01667       13.44315       20.27753       21.84677       45.97066       63.71213       58.86980       63.00632       36.31916       63.13663       35.67323    
 1964   34.87989       26.09257       6.199755       37.44365       30.02863       63.13551       74.78428       103.9434       72.92052       36.75018       40.45718       45.20340    
 1965   35.22070       35.68601       42.68407       17.14733       22.89193       57.60358       76.13455       92.38686       46.57290       60.86762       32.48965       44.20541    
 1966   16.95736       26.43275       30.44133       25.66770       35.05140       49.60135       72.50269       60.55589       57.47566       66.54857       33.07845       39.21336    
 1967   30.09352       26.93037       47.33260       18.11294       24.37477       43.58680       69.39568       81.81695       33.00676       98.03606       48.55470       28.81702    
 1968   22.99893       20.81224       35.77734       39.05605       29.18439       66.76614       28.51804       59.77256       24.96788       59.37145       32.78033       45.12892    
 1969   26.98634       12.50227       23.29537       17.88004       20.06048       23.16208       49.76432       42.98459       52.48618       35.50763       45.56245       19.83988    
 1970   29.12938       25.63214       27.70891       24.71030       16.28894       20.27158       88.48201       36.98236       88.13908       41.22856       28.45800       27.33615    
 1971   44.60843       30.24535       20.55525       25.62618       13.85482       21.12548       59.63284       79.40677       53.09949       44.05715       41.44227       38.40141    
 1972   13.69968       15.94521       28.04077       37.82833       31.11357       40.38345       61.48766       58.73123       59.50862       48.38284       59.16077       34.71626    
 1973   44.16298       29.14419       25.28728       37.89387       32.65390       56.37653       44.61296       58.86748       33.18049       25.88595       48.94489       46.21963    
 1974   34.98611       56.94204       7.691063       13.33400       19.33296       67.94151       119.6056       105.7891       89.10703       29.90725       33.56218       44.43790    
 1975   41.23981       25.57316       22.72380       18.13452       68.93652       50.72535       51.12235       61.45383       78.12105       47.73440       32.53704       51.17728    
 1976   37.02803       18.90359       18.23539       15.06307       21.74845       33.29048       72.79980       33.21462       35.99855       24.90701       47.89006       22.46817    
 1977   44.34121       19.23304       42.34068       45.95699       34.63464       69.01451       95.61473       38.90398       40.03145       47.27819       49.10460       23.08112    
 1978   33.40052       32.22339       29.04185       23.49574       6.626038       24.60348       59.76073       97.49136       67.53767       42.22184       31.50107       21.54500    
 1979   24.96424       33.54731       24.31627       21.29158       56.46679       52.64603       46.54694       59.43269       68.56070       44.90091       46.64249       47.51883    
 1980   22.91468       12.02414       23.87620       19.26563       34.10360       43.81269       17.23234       37.80253       40.99921       57.94742       49.56102       38.12008    
 1981   42.55818       15.00695       37.10285       21.70942       19.46230       85.46277       112.9931       70.69068       37.63805       77.48189       42.00436       32.66278    
 1982   22.58993       12.67544       23.24760       43.16820       58.07318       33.42356       65.67687       86.00765       88.22447       31.77066       42.87901       32.98034    
 1983   44.19669       20.96578       33.54018       26.64275       41.32040       49.03542       76.04420       41.23982       50.15152       79.54637       43.00507       41.97787    
 1984   36.89159       24.62218       25.14114       24.75075       29.24307       55.79128       88.92342       54.44302       36.38158       50.69894       29.72576       26.51550    
 1985   22.75869       10.36923       44.24087       17.08073       33.07813       46.87262       50.17908       79.19698       83.72888       69.50214       41.01890       33.11893    
 1986   31.50237       13.74590       22.88994       26.80532       33.42345       21.18553       66.65991       94.10471       37.41755       42.56874       47.71750       18.31445    
 1987   13.63726       50.40453       34.03596       14.10762       37.17481       74.75278       59.58025       88.41792       46.08520       24.39296       23.60856       24.54820    
 1988   42.13838       28.93396       22.08434       25.32605       29.82610       25.19587       104.8989       76.59826       59.30056       47.55194       42.80603       40.21095    
 1989   57.84514       39.85585       43.05590       34.35361       55.87820       60.50349       85.06303       54.58201       48.08146       27.21150       37.32074       35.56741    
 1990   49.77650       45.91280       22.47090       11.53556       18.27491       44.37058       66.90191       74.60977       16.00092       33.68348       34.30284       39.48889    
 1991   34.84016       11.63696       61.85963       10.65281       29.29052       76.88794       40.44420       58.25345       56.57063       57.91226       62.15301       37.99578    
 1992   32.90438       35.39226       38.37758       31.59143       30.97583       70.32118       112.4795       89.76867       78.48853       22.55710       42.67464       58.51168    
 1993   43.63575       21.36979       45.68172       29.66327       42.24259       67.57800       67.06872       56.56120       20.49589       49.64074       11.00606       67.32199    
 1994   44.59473       14.06920       24.56792       28.63299       23.39320       61.65627       42.28122       29.86562       42.85586       45.73067       35.99050       37.27394    
 1995   32.75038       44.92638       39.77031       27.00085       34.17912       79.00651       58.06879       79.14289       24.48672       87.04457       52.65617       15.21957    
 1996   12.23228       21.91700       13.11738       40.13549       25.81556       72.57169       64.37324       56.66652       26.39427       56.98961       70.77357       35.17921    
 1997   51.16137       57.77229       46.77769       31.84433       29.16275       29.48027       41.45446       53.76001       57.21419       31.00803       30.03360       47.07761    
 1998   48.72040       67.03342       26.44312       21.27860       55.56706       80.47473       84.57510       69.16023       52.97752       85.99097       26.96311       29.52449    
 1999   31.92945       34.66235       38.61305       27.23978       18.57146       68.47269       71.57458       101.1782       32.60106       59.90323       63.60833       35.53076    
 2000   55.79941       41.48058       32.62160       64.32243       34.69111       86.45854       75.92237       60.51373       30.72987       43.83549       42.95634       48.87953    
 2001   31.72865       38.84088       18.88468       53.78427       35.01297       43.37574       117.7005       73.34621       54.00843       48.73401       40.34223       22.98540    
 2002   41.70638       47.41269       31.96151       17.94698       19.87093       48.01137       107.6215       41.29055       47.31700       26.22295       17.54999       19.61341    
 2003   50.39318       20.27996       26.88074       19.50026       50.03181       22.45128       52.87848       63.63028       51.88017       44.94623       21.28166       51.05355    
 2004   36.33121       40.43631       21.43491       8.974991       35.12252       46.57925       80.80883       100.8556       86.27942       27.73520       28.82106       51.89020    
 2005   55.38989       17.87292       13.75337       34.23120       70.27170       52.53891       90.45295       86.67497       57.45760       41.28245       59.70699       40.91281    
 2006   28.72536       23.28766       17.64858       29.81648       39.61794       46.50180       51.42984       24.84681       54.69051       46.24285       51.10580       65.18231    
 2007   55.56367       27.36037       26.75707       32.55058       63.69334       38.08860       90.58158       68.36394       50.01822       39.58134       49.30132       40.34469    
 2008   49.38084       36.67901       35.63766       35.51707       30.04603       85.07669       75.91311       74.46309       28.05373       50.46873       48.92326       38.67729    
 2009   15.19262       28.48350       15.31221       17.17308       64.47365       46.23185       59.66849       79.87868       70.30504       31.93189       41.63062       30.81954    
