# using minimal fraction of valid points 30.00
# tmp [Celsius] from CRU TS 3.10 Mean Temperature
# cutting out region lon=   20.000   30.000, lat=   66.000   70.000
 1901  -8.487968      -17.88632      -9.733592      -2.820010       2.623497       11.76307       14.89435       10.87878       7.145050       3.051903      -10.41787      -17.71586    
 1902  -17.92397      -15.52547      -14.59768      -5.839593      0.9048836       6.116506       9.515169       9.381393       3.738430      -4.537883      -8.069120      -9.238920    
 1903  -13.20077      -10.36744      -5.511780      -3.692790       2.955186       8.928493       10.20655       10.21384       4.947014      -6.273013      -8.006318      -9.622110    
 1904  -8.816322      -18.26075      -9.272452      -1.221656       2.082625       8.995594       10.82136       9.810577       6.211318       1.010892      -12.75174      -17.90466    
 1905  -14.68749      -13.48460      -8.081031      -4.033155       4.183454       10.77477       13.04576       10.37572       5.052929      -4.419980      -9.120418      -9.869116    
 1906  -10.24517      -11.79528      -13.16939      -1.781215       3.379556       9.843776       13.41551       8.136755       4.979969     -0.7449914      -8.869886      -11.10332    
 1907  -16.77703      -10.03974      -5.458604      -1.532734       1.349898       11.32721       11.74722       9.069756       4.051589      0.8817656      -3.820687      -13.86777    
 1908  -13.35365      -13.81734      -9.203892      -2.208033       2.197153       8.353819       12.35251       10.96638       4.900219       1.173974      -11.86374      -9.265946    
 1909  -8.919672      -12.92689      -12.06245      -6.275934      0.4595881       8.087824       13.15643       10.72466       6.097166      0.6350393      -12.96877      -11.43534    
 1910  -12.71912      -6.811011      -7.451933      -2.978212       3.698301       8.732100       10.89566       9.069369       4.928869      -2.347293      -8.443924      -11.49364    
 1911  -11.46366      -15.00274      -7.177678      -3.798996       4.199184       8.127448       11.80343       11.75498       6.358143      -3.509811      -7.600814      -7.035763    
 1912  -19.23863      -21.20812      -8.293668      -5.480588       2.036565       9.851342       12.01467       10.57000       4.297005      -3.458060      -8.209342      -12.20837    
 1913  -15.71764      -12.72144      -10.02947      -2.314452       2.937403       8.596282       14.58428       10.96382       5.599575      -3.996211      -5.821397      -14.13323    
 1914  -15.16869      -12.56268      -9.575313      -2.360162       2.720636       10.16700       13.99501       9.769652       5.288145      -1.079256      -7.201984      -10.86252    
 1915  -15.74151      -14.52968      -13.54214      -3.296469       1.028928       7.107474       15.12238       9.734228       3.852984      -1.696509      -11.85200      -21.74577    
 1916  -12.89302      -11.29103      -12.30360      -4.456036      0.5294392       9.456184       15.54779       8.847008       3.965655      -4.400215      -4.937195      -11.99293    
 1917  -16.36604      -18.51458      -15.40526      -6.142455     -0.1526015       11.00593       11.11066       13.11642       4.634042     -0.1542221      -9.339779      -14.14758    
 1918  -21.24369      -11.98141      -6.454701      -1.947925       2.290304       9.638819       13.48206       8.520146       5.138530      0.3070626      -2.641628      -10.81620    
 1919  -11.80470      -17.84564      -10.50700      -5.180146       4.761802       12.13311       14.30267       9.817391       5.674021      -3.231070      -11.71595      -15.03760    
 1920  -14.49145      -9.705597      -3.445230      -1.272413       5.995883       10.38904       13.77786       10.98674       7.789300      -1.679626      -5.391787      -10.09008    
 1921  -16.25674      -13.05145      -6.883626      0.6931217       5.925022       10.42731       11.26041       11.15718       5.401222      -3.908545      -11.34131      -11.16093    
 1922  -15.16841      -14.83262      -11.12407      -3.285306       4.741356       11.93607       13.81630       10.59550       7.294044      -1.685426      -8.720606      -14.66414    
 1923  -9.456333      -14.81544      -7.285962      -4.962237       1.765820       6.877501       12.79020       8.764045       5.635577     -0.6445720      -8.072924      -11.87075    
 1924  -13.04549      -16.06197      -11.93424      -4.783466       2.772901       7.294395       14.99487       12.96595       7.368086       1.885390      -7.055418      -7.724081    
 1925  -5.980981      -11.40895      -13.09437      -1.781797       3.463252       9.545599       16.28707       10.99057       5.831958      -3.629193      -11.69215      -14.57527    
 1926  -16.31258      -16.82502      -7.322157      -4.146782       2.567737       9.275570       12.53025       11.03964       5.236911      -4.555208      -6.425056      -14.35505    
 1927  -15.49256      -11.01314      -9.515949      -4.292896       1.652577       9.440361       16.31135       11.89532       4.466259      -4.529991      -13.00138      -12.38057    
 1928  -12.01350      -11.32843      -6.793315      -2.677867       3.004133       8.075439       10.64994       10.67918       5.272165      -3.060123      -9.955543      -13.07677    
 1929  -13.95039      -17.01941      -8.266213      -7.856308       4.014323       9.273412       10.35823       9.876945       6.234624     -0.4734235      -4.506390      -3.670474    
 1930  -9.038288      -11.22983      -10.39180      -2.502548       4.909869       10.98207       14.53608       12.47282       3.503763     -0.5021550      -6.375487      -10.77496    
 1931  -14.81268      -12.80029      -10.14214      -3.335295       4.273048       6.239024       14.40053       10.63590       3.090167      -1.561808      -3.293694      -8.581463    
 1932  -8.619891      -10.45303      -8.982424      -2.738508       1.593048       8.251367       13.40446       10.91373       4.775042      -2.815633      -5.585491      -5.398116    
 1933  -9.169461      -15.99938      -10.65665      -4.914639       2.344362       11.73976       14.22633       10.87618       5.555347     -0.9278657      -8.286722      -9.963688    
 1934  -6.438264      -12.32932      -8.117573      -4.387118       5.439034       9.037963       15.51804       12.27960       9.224289      0.3088967      -6.350218      -8.739742    
 1935  -12.60512      -12.94387      -8.490994      -3.231056      0.8684299       9.322086       12.77439       10.34869       4.043836     -0.4048044      -3.324987      -8.041576    
 1936  -14.99198      -19.26007      -11.51573      -3.640468       5.860569       13.39946       13.14217       11.99303       5.555209      -2.372391      -3.923176      -5.325674    
 1937  -9.157263      -16.38857      -9.983855     -0.7095385E-01   6.182325       12.48549       15.70503       14.35449       5.582011       1.186264      -6.195492      -12.00998    
 1938  -11.75352      -6.505960      -7.038925      -2.286110       3.593033       10.48903       16.17495       12.11026       7.795934       1.927549      -3.049822      -6.695210    
 1939  -13.83364      -10.37019      -8.539810      -4.803612       2.547930       9.461262       13.43063       13.15409       4.069760      -1.885413      -4.918171      -14.17926    
 1940  -17.75821      -16.56269      -14.31364      -4.588538       6.722689       11.06257       11.71748       10.86958       6.378127      0.8351231E-01  -8.528289      -12.56951    
 1941  -17.36459      -14.88087      -12.09707      -5.619665       2.389506       8.687201       16.69950       10.53464       4.463168      -4.055638      -6.897736      -16.94664    
 1942  -19.71861      -16.22726      -13.64476      -3.219357       1.992368       9.423866       13.12052       10.71350       5.320422      -2.117477      -6.888511      -12.80130    
 1943  -17.02487      -8.727119      -5.830492      -2.904616       4.006754       11.55635       13.55535       10.56960       5.959078     -0.9958899      -4.869392      -6.936719    
 1944  -11.59053      -10.09409      -8.427756      -5.511753       2.180952       9.016647       12.66159       10.50053       6.274899       1.687940      -5.747827      -7.115317    
 1945  -15.40116      -10.92493      -9.818005      -1.818827       2.748356       8.835442       14.75081       13.13686       5.130390      -4.561082      -7.531929      -14.90642    
 1946  -10.45068      -17.42714      -10.79391      -3.164123       3.207469       10.55864       14.16243       11.44082       7.336618      -1.803647      -8.498102      -4.882771    
 1947  -10.76877      -20.68336      -14.70470      -3.323022       3.576437       12.26741       14.28194       11.41572       7.230424     -0.3463658      -8.599843      -12.74416    
 1948  -18.37417      -11.31670      -6.996724     -0.8182466       5.113674       9.569026       13.71040       8.867388       6.261618     -0.8448094      -5.665878      -7.038568    
 1949  -9.849010      -8.043486      -9.240324      -2.564416       3.985039       8.498228       11.03518       9.803607       7.919131      -1.526774      -3.135128      -9.328780    
 1950  -17.15336      -13.72601      -7.846792     -0.3732655       3.545306       11.00618       12.33308       13.06453       6.556946       1.601521      -7.420085      -10.03344    
 1951  -17.41072      -12.95769      -10.55059      -1.817652       1.004998       7.633441       10.74862       13.56855       6.412291       2.808032      -10.58426      -11.22703    
 1952  -11.74472      -10.66014      -12.21506      -2.088207       2.414042       10.52616       12.63911       8.503940       4.632568      -3.151724      -8.086016      -14.64666    
 1953  -13.30143      -16.99780      -6.724422      -1.488913       3.606859       14.54685       12.59772       11.38356       4.515246       1.133481      -4.133916      -6.027305    
 1954  -12.14808      -16.44128      -7.168046      -2.928855       5.846155       9.181131       14.54908       10.83925       6.233510      -2.280097      -7.932609      -5.880142    
 1955  -14.98370      -17.90095      -11.66382      -6.036126       1.338738       6.965128       12.87943       12.11938       6.871534      -2.288859      -12.28180      -20.23968    
 1956  -15.35860      -17.83414      -8.888202      -6.960624       4.215556       10.88355       12.22905       8.920475       4.301751      -2.979585      -12.94143      -12.18364    
 1957  -10.49642      -11.69526      -10.54059      -2.216621       2.496014       7.929774       15.22602       11.41330       5.415246     -0.9013913      -5.644915      -13.36799    
 1958  -17.13429      -14.44479      -11.08618      -4.832280       1.356889       9.272528       11.22072       11.89616       5.904971      0.9169412E-01  -3.016788      -16.13715    
 1959  -14.35394      -5.635351      -3.881506      -4.322859       4.473224       10.76814       13.15401       11.78182       4.697440     -0.6437215      -6.181909      -11.59723    
 1960  -17.12689      -16.60546      -6.497930      -1.117015       6.967223       11.15261       16.37029       11.99557       6.444098      -5.068885      -8.888835      -11.58281    
 1961  -12.63637      -10.53445      -7.204185      -5.494728       2.869699       12.23536       14.46517       11.26600       6.017654       4.142355      -4.333429      -15.75806    
 1962  -15.27608      -12.48779      -16.41908      -1.655246       3.120574       8.394594       10.58840       9.088061       5.245514      0.5999565E-02  -4.687644      -16.06772    
 1963  -15.04016      -16.33525      -13.59287      -2.374364       8.426615       8.728034       11.67892       11.44350       8.021553      0.4449189      -7.955544      -11.71602    
 1964  -7.531367      -14.98898      -9.325811      -3.773944       4.203122       8.962817       13.04756       10.37338       4.588001       2.362097      -7.334964      -10.80774    
 1965  -13.85989      -12.28515      -11.40801      -2.760799      0.8389964       9.443274       10.48184       9.649575       6.677401     -0.7611576      -10.77922      -16.08125    
 1966  -20.80664      -23.41530      -15.94499      -5.646961       2.530085       11.66352       13.43698       9.922115       2.911096      -3.445731      -4.940698      -10.78221    
 1967  -19.66034      -11.21840      -4.827862      -2.272626       3.630331       9.787453       12.60629       12.32168       7.409332     -0.9838555      -2.715338      -19.00032    
 1968  -20.07695      -16.43703      -9.235888      -3.156757      0.5724211       9.976727       10.59130       9.732965       3.531538      -6.705368      -7.316875      -7.039105    
 1969  -16.01762      -18.84706      -11.41519      -4.288511       1.730970       10.27792       13.07495       12.56600       5.022573      0.3456023      -8.849369      -13.28471    
 1970  -14.86503      -21.18534      -7.427585      -6.139424       3.781653       13.06817       14.20094       11.94408       5.721244     -0.3672302      -9.483776      -10.09091    
 1971  -13.67696      -15.94755      -14.08706      -4.916180       2.801974       9.922756       12.11420       10.99437       4.641366      -2.055570      -13.48815      -9.548678    
 1972  -11.63058      -12.90633      -7.308038      -2.963716       2.959278       13.02451       16.21344       12.12647       5.576434     -0.7748889      -9.397008      -5.770846    
 1973  -9.056542      -13.61073      -7.265811      -3.086316       3.388474       11.60238       16.72206       10.09516       3.063136      -4.884726      -11.23277      -17.22520    
 1974  -10.49580      -7.793151      -6.058327      -1.730432       3.428386       11.89357       14.01771       11.36100       7.861192     -0.9516393      -7.312946      -7.773705    
 1975  -13.35368      -8.972073      -4.621441      -2.808367       4.965589       8.287165       11.33994       9.275183       6.614006     -0.4180343      -5.749790      -12.95108    
 1976  -19.82594      -11.61757      -10.44244      -2.929327       5.725864       8.999645       12.23392       11.40684       2.996125      -3.278621      -9.362148      -12.70468    
 1977  -14.85638      -15.53290      -9.147944      -4.794091       2.578288       8.676466       12.40593       10.25676       4.194350      -2.369043      -6.018636      -11.29185    
 1978  -16.68587      -16.02611      -9.297346      -4.317168       4.311714       10.19672       12.42920       9.795588       4.677876      -2.015833      -8.228846      -19.59225    
 1979  -18.79472      -15.33520      -7.773300      -4.000969       3.999909       11.03823       13.87682       11.71006       5.748823      -3.532389      -7.054495      -10.20242    
 1980  -17.66830      -17.46873      -11.25380      -1.128434       3.762275       13.22695       13.58925       10.86980       6.265414      -2.550414      -12.57084      -16.24221    
 1981  -13.07476      -16.24660      -14.94777      -3.390100       4.303736       7.601179       12.21948       9.917666       5.295475     -0.3201670      -8.083254      -19.35647    
 1982  -18.34819      -10.11136      -6.672818      -2.167795       3.454705       6.530627       13.48364       10.37694       4.999276      -1.204268      -5.993514      -9.917714    
 1983  -12.12141      -12.80655      -8.168414     -0.8726711       5.044772       9.947557       13.35205       9.580554       6.942173      -1.021079      -13.42699      -16.06890    
 1984  -15.88407      -7.996213      -10.41676      -1.708327       7.609191       10.85796       11.74186       10.05426       4.334310      -1.298906      -9.346180      -8.265281    
 1985  -21.69647      -23.62583      -8.187050      -5.202909       2.039003       10.04008       13.76836       11.39802       5.725252      0.7765508E-01  -8.609206      -19.66705    
 1986  -19.23468      -14.62365      -5.292420      -3.772663       4.720836       12.86091       12.75679       8.798239       2.892055      0.8577962      -4.522957      -18.49174    
 1987  -20.43086      -15.63911      -11.33873      -3.658491       3.258760       9.150871       11.51476       8.330815       5.413937       4.036807      -8.804100      -16.13046    
 1988  -13.66895      -13.60547      -9.714266      -4.832544       4.243299       11.77314       15.23107       10.79725       6.887714     -0.7160115      -11.65318      -15.23125    
 1989  -9.201003      -9.607830      -4.477525      0.4084740       5.659178       11.86054       12.40117       11.52360       6.370465      -1.578698      -5.095313      -12.80391    
 1990  -15.74621      -4.483097      -6.656343     -0.7873623       4.080558       10.48950       13.12193       11.79643       5.386819      0.6449771E-01  -9.841787      -6.466383    
 1991  -11.53518      -16.04284      -9.528749      -1.636331       2.931172       9.871991       13.16830       12.03762       4.131342     -0.2857820      -6.082328      -8.281307    
 1992  -8.868658      -7.634442      -4.605539      -4.797234       5.883959       12.15207       11.15389       9.152168       7.551083      -7.370767      -10.04958      -5.985636    
 1993  -10.24972      -9.652975      -7.711063      -3.290755       4.408061       7.412600       13.44372       10.67986       2.757694      -3.938543      -6.654944      -12.20053    
 1994  -18.16442      -14.68346      -8.149534      0.5187988E-01   3.073967       9.783464       13.75618       11.72736       5.091992      -1.402559      -8.488204      -6.938964    
 1995  -10.37546      -9.262507      -4.923704      -3.009998       2.737754       11.36070       11.68221       10.68154       5.444639     -0.9591936      -11.10536      -15.92298    
 1996  -10.02883      -15.24864      -7.329978      -3.516417       1.507597       9.420571       12.09900       13.26046       5.069570      0.9833720      -7.725064      -13.39180    
 1997  -12.62833      -12.13476      -7.143713      -5.844021       2.895784       11.07292       14.92986       12.86147       7.156250      -1.410053      -8.667996      -10.44633    
 1998  -12.44740      -18.31928      -11.06594      -4.637721       3.573275       9.112710       14.24181       10.30292       5.601802     -0.3212347      -10.98384      -11.99564    
 1999  -17.59316      -14.61061      -7.566288      -1.169430       2.397825       12.65411       13.39356       9.140335       7.881825       1.008889      -3.533801      -14.92145    
 2000  -11.67904      -11.10287      -7.249367      -2.056844       4.989124       10.05022       14.07076       11.12179       6.223005       3.231067      -3.515532      -11.35342    
 2001  -9.111526      -14.91107      -12.36864      -2.666745       3.631416       12.18455       13.60057       11.18229       7.694566     -0.3489285      -8.143744      -12.58928    
 2002  -14.27818      -10.74742      -8.023353      0.4848380       6.328639       12.71922       14.82649       12.90900       5.142199      -3.158576      -11.62803      -15.39933    
 2003  -19.95930      -8.556593      -5.271800      -2.269231       5.554911       9.856217       16.67196       11.61126       5.872066     -0.7284687      -5.643816      -12.03803    
 2004  -13.55947      -13.42133      -6.602047     -0.7809181       4.821963       9.599036       15.20164       11.86914       6.882746     -0.4165574      -8.861041      -8.457317    
 2005  -9.628208      -11.46843      -10.14073     -0.8398020       3.436906       11.44866       15.04558       12.46650       6.503362       1.446496      -3.449095      -11.99090    
 2006  -11.22430      -13.91222      -12.02361      0.1931164       5.654994       11.73727       13.34760       13.46309       6.424651      -1.976481      -6.151991      -6.402508    
 2007  -14.29673      -17.93491      -3.601965      -1.175732       4.327996       10.94513       13.28095       12.06715       5.361660       2.368092      -6.794658      -5.384315    
 2008  -9.493446      -9.481232      -9.109956      -2.679814       3.647379       9.731795       12.62557       9.590527       4.939959     -0.8116043E-01  -7.135519      -6.897524    
 2009  -11.34400      -14.75718      -7.500453      -2.344987       6.280490       9.835593       12.77176       12.59979       7.418552      -2.814928      -3.748270      -12.27526    
